PNeID,RA,DEC,Vrad,rmsVrad
NGC4374-001,186.1535,12.874,754,23
NGC4374-002,186.16158,12.89208,670,23
NGC4374-003,186.16558,12.89906,1085,23
NGC4374-004,186.173,12.86503,807,23
NGC4374-005,186.17446,12.90778,835,23
NGC4374-006,186.17854,12.88431,847,23
NGC4374-007,186.18133,12.85289,1252,23
NGC4374-008,186.1815,12.90414,1021,23
NGC4374-009,186.182,12.86403,1191,23
NGC4374-010,186.18367,12.89108,1243,23
NGC4374-011,186.18479,12.85575,768,23
NGC4374-012,186.18683,12.88967,881,23
NGC4374-013,186.18858,12.91592,661,23
NGC4374-014,186.19071,12.93433,1149,23
NGC4374-015,186.19196,12.85192,896,23
NGC4374-016,186.19367,12.88522,1036,23
NGC4374-017,186.19371,12.92467,1285,23
NGC4374-018,186.19587,12.84683,1056,24
NGC4374-019,186.19608,12.92914,1048,23
NGC4374-020,186.20067,12.88553,1529,23
NGC4374-021,186.20279,12.86661,1062,23
NGC4374-022,186.20325,12.94019,711,23
NGC4374-023,186.20521,12.90319,903,23
NGC4374-024,186.20529,12.91722,732,23
NGC4374-025,186.20592,12.92647,1159,23
NGC4374-026,186.20612,12.90619,999,23
NGC4374-027,186.20617,12.95225,964,23
NGC4374-028,186.20712,12.92897,1197,23
NGC4374-029,186.20788,12.83464,1107,23
NGC4374-030,186.20975,12.87169,1222,23
NGC4374-031,186.20979,12.95556,782,23
NGC4374-032,186.21,12.91478,1355,23
NGC4374-033,186.21033,12.90506,1258,23
NGC4374-034,186.21067,12.90958,941,23
NGC4374-035,186.21079,12.86628,1054,23
NGC4374-036,186.21146,12.88744,1045,23
NGC4374-037,186.21254,12.85375,1160,23
NGC4374-038,186.21333,12.88431,1034,23
NGC4374-039,186.2145,12.86197,1583,23
NGC4374-040,186.215,12.92186,1210,23
NGC4374-041,186.21517,12.89078,1076,23
NGC4374-042,186.21525,12.84358,1215,23
NGC4374-043,186.21546,12.87397,860,23
NGC4374-044,186.21575,12.88453,1024,23
NGC4374-045,186.21642,12.903,1014,23
NGC4374-046,186.21708,12.91186,1039,23
NGC4374-047,186.21862,12.94281,1214,23
NGC4374-048,186.21929,12.88931,987,23
NGC4374-049,186.21933,12.92806,1121,23
NGC4374-050,186.21954,12.89556,777,23
NGC4374-051,186.21971,12.84406,1188,24
NGC4374-052,186.22,12.94664,1257,23
NGC4374-053,186.22062,12.82367,647,23
NGC4374-054,186.22075,12.84228,790,23
NGC4374-055,186.22092,12.92394,748,23
NGC4374-056,186.22104,12.87658,1469,23
NGC4374-057,186.22133,12.82011,1105,23
NGC4374-058,186.22175,12.86919,1126,23
NGC4374-059,186.22212,12.90792,969,23
NGC4374-060,186.22242,12.85611,1435,23
NGC4374-061,186.22271,12.83903,1137,23
NGC4374-062,186.22283,12.92025,1280,23
NGC4374-063,186.22292,12.83683,1204,23
NGC4374-064,186.22292,12.86628,1332,23
NGC4374-065,186.22425,12.82944,1137,23
NGC4374-066,186.22483,12.88375,1546,23
NGC4374-067,186.22517,12.87572,726,23
NGC4374-068,186.22575,12.91781,958,23
NGC4374-069,186.22596,12.85111,1041,23
NGC4374-070,186.22612,12.84367,1007,23
NGC4374-071,186.22679,12.83739,1096,23
NGC4374-072,186.22767,12.87167,1310,23
NGC4374-073,186.22833,12.91842,832,23
NGC4374-074,186.22862,12.89844,1039,23
NGC4374-075,186.22862,12.91297,735,23
NGC4374-076,186.22883,12.84297,1140,23
NGC4374-077,186.22946,12.89692,911,23
NGC4374-078,186.22954,12.86389,918,23
NGC4374-079,186.22958,12.91281,1241,23
NGC4374-080,186.22958,12.87942,1439,23
NGC4374-081,186.22971,12.87447,1187,24
NGC4374-082,186.22996,12.86986,1256,23
NGC4374-083,186.23162,12.85828,1161,24
NGC4374-084,186.23183,12.88603,1502,23
NGC4374-085,186.23212,12.88728,1076,23
NGC4374-086,186.23233,12.92347,446,23
NGC4374-087,186.23267,12.89222,1043,23
NGC4374-088,186.23283,12.86467,975,23
NGC4374-089,186.23292,12.99422,788,25
NGC4374-090,186.23308,12.88208,1393,23
NGC4374-091,186.23308,12.99631,1265,23
NGC4374-092,186.23325,12.91661,1327,23
NGC4374-093,186.23346,12.89222,1038,23
NGC4374-094,186.23433,12.88878,1422,23
NGC4374-095,186.23462,12.85667,769,23
NGC4374-096,186.23479,12.81625,1032,23
NGC4374-097,186.23496,12.942,817,23
NGC4374-098,186.23508,12.90994,1149,23
NGC4374-099,186.23554,12.86728,942,23
NGC4374-100,186.23608,12.84786,1015,23
NGC4374-101,186.2365,12.94989,1390,23
NGC4374-102,186.23654,12.9055,672,23
NGC4374-103,186.23654,12.87736,1029,24
NGC4374-104,186.23712,12.94689,1191,23
NGC4374-105,186.23717,12.994,459,23
NGC4374-106,186.23725,12.87233,1413,23
NGC4374-107,186.23762,12.96836,1223,23
NGC4374-108,186.23783,12.86189,1031,23
NGC4374-109,186.23833,12.85192,745,23
NGC4374-110,186.23833,12.90958,1220,23
NGC4374-111,186.23842,12.89378,982,23
NGC4374-112,186.23908,12.92025,895,23
NGC4374-113,186.23921,12.89958,1186,23
NGC4374-114,186.23925,12.89244,1238,23
NGC4374-115,186.23954,12.93722,913,23
NGC4374-116,186.24025,12.82978,1307,23
NGC4374-117,186.2405,12.898,1189,23
NGC4374-118,186.24129,12.86994,1154,23
NGC4374-119,186.24192,12.91269,960,22
NGC4374-120,186.24208,12.99564,748,23
NGC4374-121,186.24237,12.87692,857,23
NGC4374-122,186.24237,12.85664,836,23
NGC4374-123,186.24237,12.84942,1085,23
NGC4374-124,186.24312,12.93625,862,24
NGC4374-125,186.24346,12.92881,605,23
NGC4374-126,186.24346,12.86231,773,23
NGC4374-127,186.24375,12.87889,863,22
NGC4374-128,186.24379,12.99458,857,23
NGC4374-129,186.24404,12.91453,1071,22
NGC4374-130,186.24417,12.88019,1147,23
NGC4374-131,186.24433,12.95419,876,23
NGC4374-132,186.24462,12.91044,1315,23
NGC4374-133,186.24475,12.82814,1530,23
NGC4374-134,186.24529,12.84836,1303,23
NGC4374-135,186.24542,12.82581,629,23
NGC4374-136,186.24604,12.80836,724,23
NGC4374-137,186.24625,12.8625,1405,23
NGC4374-138,186.24633,12.88225,804,23
NGC4374-139,186.24658,12.87092,1048,23
NGC4374-140,186.24725,12.89533,1001,25
NGC4374-141,186.24767,12.95156,395,23
NGC4374-142,186.24792,12.91847,1028,23
NGC4374-143,186.24867,12.89978,1155,23
NGC4374-144,186.24867,12.90614,1054,23
NGC4374-145,186.24875,12.88878,788,23
NGC4374-146,186.24883,12.90306,886,23
NGC4374-147,186.24942,12.90297,1616,23
NGC4374-148,186.24967,12.90228,1440,23
NGC4374-149,186.24967,12.88667,1068,23
NGC4374-150,186.25021,12.88231,1374,23
NGC4374-151,186.25037,12.87217,954,23
NGC4374-152,186.25042,12.89375,1239,23
NGC4374-153,186.25046,12.92758,801,23
NGC4374-154,186.25117,12.86033,1054,23
NGC4374-155,186.25129,12.95203,807,23
NGC4374-156,186.25146,12.90636,1361,23
NGC4374-157,186.25158,12.87475,1101,23
NGC4374-158,186.25183,12.91264,693,23
NGC4374-159,186.25183,12.94883,1077,23
NGC4374-160,186.25262,12.859,901,23
NGC4374-161,186.25267,12.87742,970,23
NGC4374-162,186.25271,12.92842,1188,24
NGC4374-163,186.25275,12.88292,979,26
NGC4374-164,186.25279,12.89039,1155,23
NGC4374-165,186.25296,12.86678,987,23
NGC4374-166,186.253,12.85631,1363,22
NGC4374-167,186.25317,12.81839,1236,23
NGC4374-168,186.25317,12.95647,808,23
NGC4374-169,186.2535,12.92264,606,23
NGC4374-170,186.25367,12.87439,1497,23
NGC4374-171,186.25367,12.85439,1176,23
NGC4374-172,186.25379,12.87583,1193,24
NGC4374-173,186.25425,12.89081,824,23
NGC4374-174,186.25429,12.88622,1016,23
NGC4374-175,186.25454,12.89836,928,23
NGC4374-176,186.25467,12.86353,967,23
NGC4374-177,186.25512,12.90808,780,23
NGC4374-178,186.25529,12.85547,1291,23
NGC4374-179,186.25596,12.87825,1337,25
NGC4374-180,186.25604,12.89817,1019,23
NGC4374-181,186.25637,12.85958,1107,23
NGC4374-182,186.25667,12.88261,1053,23
NGC4374-183,186.25683,12.89556,1027,22
NGC4374-184,186.25712,12.87036,1296,22
NGC4374-185,186.25721,12.85375,1229,23
NGC4374-186,186.25733,12.83086,1568,23
NGC4374-187,186.25758,12.86339,626,23
NGC4374-188,186.25771,12.89531,906,23
NGC4374-189,186.25787,12.8805,770,23
NGC4374-190,186.25792,12.83008,1160,23
NGC4374-191,186.25792,12.82175,1290,23
NGC4374-192,186.25812,12.91356,717,23
NGC4374-193,186.25812,12.97608,1081,23
NGC4374-194,186.25829,12.86003,823,23
NGC4374-195,186.25883,12.87492,861,25
NGC4374-196,186.25883,12.88647,1021,23
NGC4374-197,186.25904,12.87622,832,23
NGC4374-198,186.25933,12.85078,1031,23
NGC4374-199,186.25942,12.96739,1096,23
NGC4374-200,186.25942,12.98717,1029,23
NGC4374-201,186.2595,12.86244,1516,23
NGC4374-202,186.25958,12.84439,1029,23
NGC4374-203,186.25962,12.90797,1215,23
NGC4374-204,186.26004,12.85014,899,23
NGC4374-205,186.26008,12.84664,1218,23
NGC4374-206,186.26012,12.89806,721,23
NGC4374-207,186.26021,12.94119,1034,23
NGC4374-208,186.26033,12.91633,539,23
NGC4374-209,186.26037,12.90258,1248,24
NGC4374-210,186.26046,12.87644,1029,22
NGC4374-211,186.26075,12.80697,1166,23
NGC4374-212,186.26079,12.89997,1183,23
NGC4374-213,186.26096,12.90258,1196,24
NGC4374-214,186.26096,12.87147,701,23
NGC4374-215,186.26162,12.89536,1257,23
NGC4374-216,186.26179,12.93147,834,23
NGC4374-217,186.26212,12.87281,1137,23
NGC4374-218,186.26271,12.86075,1062,23
NGC4374-219,186.26296,12.90669,1047,23
NGC4374-220,186.263,12.82044,1126,23
NGC4374-221,186.26354,12.867,1567,23
NGC4374-222,186.26358,12.91256,1467,23
NGC4374-223,186.26358,12.89769,962,23
NGC4374-224,186.26375,12.83864,960,23
NGC4374-225,186.26396,12.90436,1343,22
NGC4374-226,186.2645,12.90253,868,23
NGC4374-227,186.26458,12.83853,637,23
NGC4374-228,186.26496,12.86725,1110,23
NGC4374-229,186.26504,12.84956,1330,23
NGC4374-230,186.26567,12.89989,839,24
NGC4374-231,186.266,12.84692,485,23
NGC4374-232,186.266,12.89594,1111,24
NGC4374-233,186.26608,12.90939,1427,23
NGC4374-234,186.26633,12.92369,1120,23
NGC4374-235,186.2665,12.86519,1055,23
NGC4374-236,186.26696,12.91425,1015,23
NGC4374-237,186.26733,12.90253,1023,23
NGC4374-238,186.26858,12.89706,1377,23
NGC4374-239,186.26896,12.92278,548,23
NGC4374-240,186.26904,12.90617,1037,23
NGC4374-241,186.26987,12.90822,352,23
NGC4374-242,186.27004,12.95842,892,23
NGC4374-243,186.27012,12.89475,1136,23
NGC4374-244,186.27104,12.94419,1087,23
NGC4374-245,186.27121,12.84769,835,22
NGC4374-246,186.27129,12.88286,1284,23
NGC4374-247,186.27162,12.90389,1245,23
NGC4374-248,186.27179,12.85833,1152,23
NGC4374-249,186.27225,12.89403,1061,23
NGC4374-250,186.27267,12.89572,910,23
NGC4374-251,186.27283,12.90611,1170,23
NGC4374-252,186.27342,12.91689,1098,23
NGC4374-253,186.27375,12.89114,917,23
NGC4374-254,186.27379,12.89258,827,23
NGC4374-255,186.27417,12.91842,752,23
NGC4374-256,186.27417,12.84486,1373,23
NGC4374-257,186.27442,12.80672,871,23
NGC4374-258,186.27458,12.90128,968,29
NGC4374-259,186.27475,12.91939,700,23
NGC4374-260,186.27483,12.96703,1192,23
NGC4374-261,186.27504,12.90272,812,23
NGC4374-262,186.27529,12.81392,1499,23
NGC4374-263,186.27546,12.86111,960,23
NGC4374-264,186.27571,12.91314,533,23
NGC4374-265,186.27579,12.87514,1181,23
NGC4374-266,186.27583,12.90378,1093,26
NGC4374-267,186.27592,12.87367,1323,23
NGC4374-268,186.276,12.88231,1004,22
NGC4374-269,186.27604,12.87817,1163,23
NGC4374-270,186.27617,12.87164,738,23
NGC4374-271,186.27658,12.90836,957,23
NGC4374-272,186.27667,12.88844,1167,23
NGC4374-273,186.27683,12.90561,1080,23
NGC4374-274,186.27692,12.86944,1156,23
NGC4374-275,186.27729,12.89267,1043,23
NGC4374-276,186.27746,12.93131,1066,23
NGC4374-277,186.27754,12.87586,1005,23
NGC4374-278,186.27775,12.88419,1556,23
NGC4374-279,186.27783,12.90872,1011,23
NGC4374-280,186.27787,12.87972,900,23
NGC4374-281,186.27787,12.91456,773,23
NGC4374-282,186.278,12.88081,826,22
NGC4374-283,186.27817,12.87864,1286,23
NGC4374-284,186.27825,12.88564,1146,23
NGC4374-285,186.27858,12.90606,1587,23
NGC4374-286,186.27883,12.88086,1228,23
NGC4374-287,186.27912,12.88825,1111,23
NGC4374-288,186.27921,12.89961,978,23
NGC4374-289,186.27958,12.93808,1151,23
NGC4374-290,186.27962,12.90969,1409,23
NGC4374-291,186.27992,12.92042,1157,23
NGC4374-292,186.28012,12.82514,1202,23
NGC4374-293,186.28012,12.88514,1039,23
NGC4374-294,186.28017,12.93183,626,23
NGC4374-295,186.28062,12.91739,1206,23
NGC4374-296,186.28104,12.85078,1434,22
NGC4374-297,186.28108,12.90792,1084,24
NGC4374-298,186.28217,12.81097,1301,23
NGC4374-299,186.28237,12.96619,554,23
NGC4374-300,186.28271,12.87781,1178,23
NGC4374-301,186.28283,12.8875,663,23
NGC4374-302,186.28312,12.93797,713,23
NGC4374-303,186.28325,12.898,1209,23
NGC4374-304,186.28329,12.83317,893,23
NGC4374-305,186.28342,12.89153,1121,22
NGC4374-306,186.28346,12.87567,1030,23
NGC4374-307,186.28354,12.87031,893,23
NGC4374-308,186.284,12.87364,1311,23
NGC4374-309,186.28437,12.87094,1089,23
NGC4374-310,186.28442,12.91047,886,23
NGC4374-311,186.28467,12.84272,494,23
NGC4374-312,186.28487,12.87156,1078,23
NGC4374-313,186.28504,12.9135,981,23
NGC4374-314,186.28512,12.87228,1056,23
NGC4374-315,186.28567,12.87764,1108,23
NGC4374-316,186.28571,12.95414,1058,23
NGC4374-317,186.28675,12.85061,1031,23
NGC4374-318,186.28679,12.88631,857,23
NGC4374-319,186.28683,12.89003,759,23
NGC4374-320,186.28696,12.91189,487,23
NGC4374-321,186.28704,12.85042,822,23
NGC4374-322,186.28721,12.84008,883,23
NGC4374-323,186.28721,12.90175,1514,23
NGC4374-324,186.28804,12.85522,1252,23
NGC4374-325,186.28804,12.88453,1041,23
NGC4374-326,186.28812,12.89286,843,23
NGC4374-327,186.28812,12.89569,930,23
NGC4374-328,186.28821,12.85389,1047,23
NGC4374-329,186.28854,12.81167,1280,23
NGC4374-330,186.28858,12.89553,1006,27
NGC4374-331,186.28883,12.90522,850,23
NGC4374-332,186.28887,12.82928,1195,23
NGC4374-333,186.28917,12.88422,1207,23
NGC4374-334,186.28967,12.89403,836,23
NGC4374-335,186.28987,12.83922,1052,23
NGC4374-336,186.28996,12.92969,946,23
NGC4374-337,186.29017,12.93178,606,23
NGC4374-338,186.29037,12.82453,1039,23
NGC4374-339,186.29104,12.84206,1174,23
NGC4374-340,186.29129,12.86967,1151,23
NGC4374-341,186.29167,12.93789,1213,23
NGC4374-342,186.29171,12.88789,1081,23
NGC4374-343,186.29208,12.91631,856,23
NGC4374-344,186.29221,12.90222,904,23
NGC4374-345,186.293,12.85939,968,23
NGC4374-346,186.29308,12.78519,1255,23
NGC4374-347,186.29317,12.88894,1007,23
NGC4374-348,186.29317,12.89961,1191,23
NGC4374-349,186.29379,12.88669,557,23
NGC4374-350,186.29442,12.84092,1135,23
NGC4374-351,186.29483,12.8785,1027,23
NGC4374-352,186.29512,12.90994,1049,23
NGC4374-353,186.29517,12.90639,1029,23
NGC4374-354,186.29554,12.87283,1360,23
NGC4374-355,186.29562,12.89336,1170,23
NGC4374-356,186.29658,12.81608,929,23
NGC4374-357,186.29662,12.96331,582,23
NGC4374-358,186.29692,12.86389,1072,23
NGC4374-359,186.297,12.90769,1245,23
NGC4374-360,186.29742,12.84461,721,23
NGC4374-361,186.29779,12.88372,1069,22
NGC4374-362,186.29817,12.89403,1384,23
NGC4374-363,186.29854,12.87761,1141,23
NGC4374-364,186.29867,12.89672,1072,23
NGC4374-365,186.29971,12.88931,1139,23
NGC4374-366,186.3005,12.89522,828,26
NGC4374-367,186.30096,12.89008,1016,23
NGC4374-368,186.30125,12.94469,991,23
NGC4374-369,186.30171,12.93961,724,23
NGC4374-370,186.30183,12.88111,1409,23
NGC4374-371,186.3025,12.89775,343,23
NGC4374-372,186.30267,12.88036,1127,24
NGC4374-373,186.30321,12.89292,1053,23
NGC4374-374,186.30329,12.84458,782,23
NGC4374-375,186.30342,12.86186,1123,23
NGC4374-376,186.30371,12.87897,791,24
NGC4374-377,186.304,12.93017,646,23
NGC4374-378,186.30408,12.88408,793,23
NGC4374-379,186.30471,12.90367,1197,23
NGC4374-380,186.30475,12.93236,1164,23
NGC4374-381,186.30617,12.87828,976,23
NGC4374-382,186.30633,12.92761,1015,23
NGC4374-383,186.30704,12.89044,851,23
NGC4374-384,186.30746,12.84536,1113,23
NGC4374-385,186.30767,12.91861,814,24
NGC4374-386,186.30792,12.90419,1170,23
NGC4374-387,186.30796,12.93989,1211,23
NGC4374-388,186.30808,12.94689,1229,23
NGC4374-389,186.30837,12.89483,967,23
NGC4374-390,186.30896,12.90569,823,23
NGC4374-391,186.30958,12.94106,748,23
NGC4374-392,186.31025,12.91447,1049,23
NGC4374-393,186.31029,12.79256,717,23
NGC4374-394,186.31046,12.82353,1064,23
NGC4374-395,186.31125,12.87892,1270,23
NGC4374-396,186.31158,12.83289,1413,23
NGC4374-397,186.31312,12.83369,1078,23
NGC4374-398,186.31554,12.91592,1100,27
NGC4374-399,186.31754,12.85672,1030,23
NGC4374-400,186.31796,12.87833,1224,23
NGC4374-401,186.31829,12.83594,832,23
NGC4374-402,186.31883,12.91878,1039,23
NGC4374-403,186.31954,12.83072,1050,23
NGC4374-404,186.31967,12.90258,988,23
NGC4374-405,186.31992,12.91197,644,23
NGC4374-406,186.32004,12.85528,1157,23
NGC4374-407,186.3215,12.81514,671,24
NGC4374-408,186.32183,12.909,749,23
NGC4374-409,186.32229,12.92317,1271,23
NGC4374-410,186.3225,12.87164,481,23
NGC4374-411,186.32271,12.92244,756,23
NGC4374-412,186.32346,12.82686,1141,23
NGC4374-413,186.32437,12.83944,1255,23
NGC4374-414,186.32558,12.87414,1315,23
NGC4374-415,186.32571,12.92889,1134,23
NGC4374-416,186.32608,12.88136,1072,23
NGC4374-417,186.32642,12.93089,915,23
NGC4374-418,186.32658,12.86222,1087,23
NGC4374-419,186.32779,12.92525,825,23
NGC4374-420,186.32796,12.93114,1284,23
NGC4374-421,186.32879,12.87383,1018,23
NGC4374-422,186.32933,12.88422,1119,23
NGC4374-423,186.32937,12.91608,1071,22
NGC4374-424,186.32987,12.92469,1274,23
NGC4374-425,186.33062,12.86308,1233,23
NGC4374-426,186.33092,12.88433,362,23
NGC4374-427,186.33096,12.83083,906,23
NGC4374-428,186.33158,12.92081,780,23
NGC4374-429,186.33267,12.94258,1072,24
NGC4374-430,186.33387,12.86028,-215,23
NGC4374-431,186.33608,12.93039,1406,23
NGC4374-432,186.33642,12.91356,1186,23
NGC4374-433,186.33671,12.85794,906,23
NGC4374-434,186.33683,12.83567,1016,23
NGC4374-435,186.33862,12.85136,1044,23
NGC4374-436,186.33996,12.907,1177,23
NGC4374-437,186.34071,12.90342,1154,23
NGC4374-438,186.34142,12.88581,814,23
NGC4374-439,186.34392,12.86622,833,23
NGC4374-440,186.34404,12.83908,1219,23
NGC4374-441,186.345,12.88914,797,23
NGC4374-442,186.34662,12.92256,1127,23
NGC4374-443,186.35163,12.89261,942,23
NGC4374-444,186.35163,12.91467,1029,23
NGC4374-445,186.35167,12.88656,890,23
NGC4374-446,186.35175,12.87642,702,23
NGC4374-447,186.35262,12.89086,1499,23
NGC4374-448,186.35387,12.86075,1251,23
NGC4374-449,186.3575,12.91381,1464,23
NGC4374-450,186.35954,12.87472,-284,23
NGC4374-451,186.3665,12.90294,1013,23
NGC4374-452,186.36767,12.89075,878,23
NGC4374-453,186.37008,12.88511,1001,23
NGC4374-454,186.37092,12.91236,930,23
